x <- 5
y <- 2
x + y 
w <- 7
V <- 25